0647 1531
0647 1532
0647 1533
0647 1534
0646 1535
0646 1536
0646 1537
0646 1538
0645 1539
0645 1540
0645 1542
0644 1543
0644 1544
0643 1545
0643 1547
0642 1548
0641 1549
0641 1551
0640 1552
0639 1553
0639 1555
0638 1556
0637 1557
0636 1559
0635 1600
0634 1602
0633 1603
0632 1605
0631 1606
0630 1608
0628 1609
0627 1610
0626 1612
0625 1613
0624 1615
0622 1616
0621 1618
0620 1619
0618 1621
0617 1622
0615 1624
0614 1625
0612 1627
0611 1628
0609 1630
0608 1631
0606 1633
0605 1634
0603 1636
0601 1637
0600 1639
0558 1640
0556 1641
0555 1643
0553 1644
0551 1646
0550 1647
0548 1649
0546 1650
0544 1651
0542 1653
0541 1654
0539 1656
0537 1657
0535 1658
0533 1700
0531 1701
0530 1702
0528 1704
0526 1705
0524 1707
0522 1708
0520 1709
0518 1711
0516 1712
0514 1713
0512 1715
0511 1716
0509 1717
0507 1719
0505 1720
0503 1721
0501 1723
0459 1724
0457 1725
0455 1727
0453 1728
0451 1729
0449 1731
0447 1732
0446 1733
0444 1735
0442 1736
0440 1737
0438 1738
0436 1740
0434 1741
0432 1742
0430 1744
0429 1745
0427 1746
0425 1748
0423 1749
0421 1750
0420 1752
0418 1753
0416 1754
0414 1756
0412 1757
0411 1758
0409 1759
0407 1801
0406 1802
0404 1803
0402 1805
0401 1806
0359 1807
0357 1809
0356 1810
0354 1811
0353 1812
0351 1814
0350 1815
0348 1816
0347 1818
0345 1819
0344 1820
0343 1821
0341 1823
0340 1824
0339 1825
0337 1826
0336 1828
0335 1829
0334 1830
0332 1831
0331 1832
0330 1833
0329 1835
0328 1836
0327 1837
0326 1838
0325 1839
0324 1840
0324 1841
0323 1842
0322 1843
0321 1844
0320 1845
0320 1846
0319 1847
0319 1848
0318 1849
0317 1849
0317 1850
0316 1851
0316 1852
0316 1853
0315 1853
0315 1854
0315 1854
0315 1855
0314 1856
0314 1856
0314 1857
0314 1857
0314 1857
0314 1858
0314 1858
0314 1858
0315 1859
0315 1859
0315 1859
0315 1859
0316 1859
0316 1859
0316 1859
0317 1859
0317 1859
0318 1859
0318 1859
0319 1859
0319 1859
0320 1859
0320 1858
0321 1858
0322 1857
0323 1857
0323 1857
0324 1856
0325 1856
0326 1855
0327 1854
0328 1854
0328 1853
0329 1852
0330 1851
0331 1851
0332 1850
0333 1849
0334 1848
0335 1847
0336 1846
0337 1845
0339 1844
0340 1843
0341 1842
0342 1841
0343 1839
0344 1838
0345 1837
0346 1836
0348 1834
0349 1833
0350 1832
0351 1830
0352 1829
0354 1828
0355 1826
0356 1825
0357 1823
0358 1822
0400 1820
0401 1819
0402 1817
0403 1815
0405 1814
0406 1812
0407 1810
0408 1809
0410 1807
0411 1805
0412 1804
0413 1802
0415 1800
0416 1758
0417 1757
0418 1755
0419 1753
0421 1751
0422 1749
0423 1747
0424 1746
0426 1744
0427 1742
0428 1740
0429 1738
0431 1736
0432 1734
0433 1732
0434 1730
0436 1728
0437 1726
0438 1725
0439 1723
0441 1721
0442 1719
0443 1717
0444 1715
0446 1713
0447 1711
0448 1709
0449 1707
0451 1705
0452 1703
0453 1701
0454 1659
0456 1657
0457 1655
0458 1653
0459 1651
0501 1649
0502 1648
0503 1646
0504 1644
0506 1642
0507 1640
0508 1638
0510 1636
0511 1634
0512 1632
0513 1630
0515 1629
0516 1627
0517 1625
0519 1623
0520 1621
0521 1620
0523 1618
0524 1616
0526 1614
0527 1613
0528 1611
0530 1609
0531 1607
0532 1606
0534 1604
0535 1602
0537 1601
0538 1559
0539 1558
0541 1556
0542 1555
0544 1553
0545 1552
0546 1550
0548 1549
0549 1547
0551 1546
0552 1545
0554 1543
0555 1542
0556 1541
0558 1540
0559 1538
0601 1537
0602 1536
0603 1535
0605 1534
0606 1533
0608 1532
0609 1531
0610 1530
0612 1529
0613 1528
0614 1528
0616 1527
0617 1526
0618 1525
0620 1525
0621 1524
0622 1523
0623 1523
0625 1522
0626 1522
0627 1522
0628 1521
0629 1521
0630 1521
0631 1521
0632 1520
0633 1520
0634 1520
0635 1520
0636 1520
0637 1520
0638 1520
0639 1520
0640 1521
0640 1521
0641 1521
0642 1522
0642 1522
0643 1522
0643 1523
0644 1523
0644 1524
0645 1524
0645 1525
0646 1526
0646 1526
0646 1527
0646 1528
0646 1529
0647 1530
